0 0 1048576.00
0 0 1048576.00
0 0 1048576.00
0 0 1048576.00
0 0 1048576.00
0 0 1048576.00
0 0 1048576.00
0 0 1048576.00
0 0 1048576.00
0 0 1048576.00
0 0 1048576.00
0 0 1048576.00
0 0 1048576.00
0 0 1048576.00
0 0 1048576.00
0 0 1048576.00
0 0 1048576.00
0 0 1048576.00
0 0 1048576.00
0 0 1048576.00
0 0 1048576.00
0 0 1048576.00
0 0 1048576.00
0 0 1048576.00
0 0 1048576.00
0 0 1048576.00
0 0 1048576.00
0 0 1048576.00
0 0 1048576.00
0 0 1048576.00
0 0 1048576.00
0 0 1048576.00
0 0 1048576.00
0 0 1048576.00
0 0 1048576.00
0 0 1048576.00
0 0 1048576.00
0 0 1048576.00
0 0 1048576.00
0 0 1048576.00
0 0 1048576.00
0 0 1048576.00
0 0 1048576.00
0 0 1048576.00
0 0 1048576.00
0 0 1048576.00
0 0 1048576.00
0 0 1048576.00
0 0 1048576.00
0 0 1048576.00
0 0 1048576.00
0 0 1048576.00
0 0 1048576.00
0 0 1048576.00
0 0 1048576.00
0 0 1048576.00
0 0 1048576.00
0 0 1048576.00
0 0 1048576.00
0 0 1048576.00
0 0 1048576.00
0 0 1048576.00
0 0 1048576.00
0 0 1048576.00
0 0 1048576.00
0 0 1048576.00
0 0 1048576.00
0 0 1048576.00
0 0 1048576.00
0 0 1048576.00
0 0 1048576.00
0 0 1048576.00
0 0 1048576.00
0 0 1048576.00
0 0 1048576.00
0 0 1048576.00
0 0 1048576.00
0 0 1048576.00
0 0 1048576.00
0 0 1048576.00
0 0 1048576.00
0 0 1048576.00
0 0 1048576.00
0 0 1048576.00
0 0 1048576.00
0 0 1048576.00
0 0 1048576.00
0 0 1048576.00
0 0 1048576.00
0 0 1048576.00
0 0 1048576.00
0 0 1048576.00
0 0 1048576.00
0 0 1048576.00
0 0 1048576.00
0 0 1048576.00
0 0 1048576.00
0 0 1048576.00
0 0 1048576.00
610277 317 131.60
